52
70
114
163
166
197
213
260
264
272
310
318
335
445
452
469
553
560
589
602
613
657
679
684
713
719
746
766
818
843
865
942
997
999
1031
1084
1135
1208
1330
1340
1345
1362
1384
1479
1487
1503
1638
1717
1770
1809
1818
1831
1856
1882
1904
1908
1914
1918
1921
1922
1925
1933
1964
2026
2059
2081
2121
2125
2127
2131
2154
2155
2187
2291
2305
2335
2356
2376
2394
2435
2445
2451
2454
2528
2564
2611
2612
2766
2771
2781
2807
2810
2813
2832
2848
2876
2904
2938
2940
2957
2994
3004
3012
3056
3078
3132
3232
3258
3308
3309
3318
3329
3349
3367
3369
3409
3410
3422
3458
3495
3515
3523
3563
3588
3630
3713
3733
3771
3773
3835
3919
3925
3935
3954
3958
4082
4087
4117
4134
4135
4139
4151
4160
4179
4187
4242
4249
4272
4276
4312
4317
4341
4369
4379
4415
4481
4515
4675
4688
4689
4750
4775
4791
4820
4822