17
52
70
98
114
163
166
197
213
222
223
260
264
272
290
310
318
324
335
445
452
469
553
560
561
562
563
564
565
566
567
568
569
570
571
589
602
613
636
657
679
684
687
696
697
709
713
719
726
727
731
739
746
766
767
787
789
793
798
818
843
865
942
951
974
975
980
983
997
999
1001
1005
1006
1007
1008
1009
1010
1011
1012
1013
1014
1015
1016
1017
1031
1084
1108
1121
1135
1154
1201
1208
1325
1326
1330
1340
1345
1362
1384
1479
1487
1496
1502
1503
1504
1526
1529
1530
1553
1554
1555
1572
1580
1585
1592
1638
1699
1717
1732
1751
1761
1770
1792
1793
1801
1809
1812
1817
1818
1831
1856
1882
1889
1893
1904
1908
1914
1918
1921
1922
1925
1926
1929
1931
1933
1964
2026
2050
2059
2081
2102
2113
2118
2121
2122
2125
2126
2127
2131
2139
2154
2155
2164
2187
2291
2305
2317
2324
2335
2356
2376
2394
2424
2435
2445
2447
2449
2451
2454
2458
2462
2528
2552
2564
2611
2612
2621
2624
2655
2687
2730
2742
2748
2758
2759
2763
2764
2765
2766
2771
2775
2780
2781
2807
2810
2813
2832
2838
2839
2840
2841
2842
2848
2876
2904
2923
2938
2940
2943
2944
2947
2950
2957
2987
2994
3004
3012
3013
3017
3056
3073
3077
3078
3132
3179
3183
3189
3192
3193
3232
3258
3302
3303
3304
3305
3308
3309
3318
3329
3349
3367
3369
3381
3409
3410
3422
3458
3462
3480
3488
3495
3496
3497
3508
3515
3516
3518
3520
3523
3525
3526
3529
3532
3533
3534
3549
3551
3557
3560
3563
3564
3567
3588
3607
3627
3630
3713
3733
3771
3773
3777
3835
3919
3925
3935
3954
3958
4046
4061
4073
4079
4082
4087
4090
4117
4133
4134
4135
4137
4139
4140
4146
4147
4151
4160
4179
4187
4191
4215
4221
4223
4224
4225
4228
4229
4231
4232
4233
4242
4249
4272
4276
4311
4312
4317
4341
4369
4379
4399
4415
4481
4486
4515
4549
4550
4551
4552
4553
4554
4555
4556
4557
4558
4559
4560
4561
4562
4563
4564
4565
4566
4567
4568
4569
4570
4571
4572
4573
4574
4575
4576
4577
4578
4579
4580
4581
4582
4583
4584
4585
4586
4587
4588
4589
4590
4591
4592
4593
4594
4595
4596
4597
4598
4599
4600
4601
4602
4603
4604
4605
4606
4607
4608
4609
4610
4611
4612
4613
4614
4615
4616
4617
4618
4619
4620
4621
4622
4623
4624
4625
4626
4627
4628
4629
4630
4631
4632
4633
4634
4635
4636
4637
4638
4639
4640
4641
4642
4643
4644
4645
4646
4647
4648
4649
4650
4651
4652
4653
4654
4655
4656
4657
4658
4659
4660
4661
4662
4663
4664
4665
4666
4667
4668
4673
4675
4688
4689
4750
4752
4753
4754
4755
4756
4757
4758
4759
4760
4761
4762
4763
4764
4765
4766
4775
4791
4799
4800
4801
4802
4803
4804
4805
4806
4807
4808
4809
4810
4811
4812
4820
4822